0 0.24708132045088566 0.7121200000000001 0.20722222222222222 0.41432
0 0.7208252818035427 0.6904133333333332 0.19177938808373596 0.40818666666666664
1 0.3340539452495974 0.5667733333333334 0.1195571658615137 0.32837333333333335
0 0.6339291465378423 0.6050800000000001 0.12196457326892111 0.24904000000000004
0 0.5987520128824476 0.5482 0.05500805152979061 0.1529866666666667
1 0.19616747181964572 0.49596 0.20049919484702092 0.23842666666666665
0 0.6165297906602255 0.5114533333333334 0.06534621578099836 0.14727999999999997
1 0.5054428341384863 0.4804666666666667 0.025829307568437945 0.09042666666666666
1 0.683683574879227 0.46271999999999996 0.1098309178743962 0.1384533333333333
0 0.41316827697262476 0.4973733333333333 0.029605475040257633 0.06775999999999999
